Wavelength shift,Background,Response,Shot,Fit
Angstroms,a.u.,a.u.,a.u.,a.u.
-12.1056125306,27.0266666667,0.987711300891,196.19,199.087155663
-12.0075125306,-4.97333333333,1.00391917745,197.19,199.192911599
-11.9095125306,9.02666666667,1.0205121815,226.19,199.28427962
-11.8115125306,-17.9733333333,1.037520017,287.19,199.354060594
-11.7135125306,-6.97333333333,1.05495662892,265.19,199.406863256
-11.6155125306,3.02666666667,1.07283655317,127.19,199.450065002
-11.5175125306,35.0266666667,1.09117494695,119.19,199.488774755
-11.4195125306,-21.9733333333,1.10998762088,148.19,199.525644949
-11.3215125306,-2.97333333333,1.12929107309,129.19,199.561922346
-11.2235125306,24.0266666667,1.14910252545,80.19,199.598189086
-11.1255125306,-4.97333333333,1.16943996195,100.19,199.634731898
-11.0275125306,-21.9733333333,1.19032216958,118.19,199.671716982
-10.9295125306,38.0266666667,1.21176878173,119.19,199.709267176
-10.8315125306,-19.9733333333,1.23380032437,263.19,199.747485515
-10.7335125306,8.02666666667,1.25643826519,206.19,199.786464689
-10.6355125306,13.0266666667,1.27970506595,157.19,199.826288437
-10.5375125306,-2.97333333333,1.3036242382,110.19,199.867034182
-10.4395125306,-21.9733333333,1.32822040275,102.19,199.908773704
-10.3416125306,5.02666666667,1.35349317055,130.19,199.951562645
-10.2436125306,-35.9733333333,1.37952118151,164.19,199.995491257
-10.1456125306,24.0266666667,1.4063073288,180.19,200.040611508
-10.0476125306,9.02666666667,1.43388134718,229.19,200.086987019
-9.94961253057,-10.9733333333,1.46227444376,247.19,200.134681639
-9.85171253057,3.02666666667,1.49148909883,162.19,200.183745732
-9.75371253057,-11.9733333333,1.52161938802,243.19,200.234274374
-9.65571253057,16.0266666667,1.55267208828,228.19,200.286321755
-9.55781253057,-16.9733333333,1.58465207342,175.19,200.339942698
-9.45981253057,22.0266666667,1.61766466545,273.19,200.395242058
-9.36181253057,13.0266666667,1.65171982509,275.19,200.452280895
-9.26391253057,18.0266666667,1.68682549493,165.19,200.511121701
-9.16591253057,-14.9733333333,1.72310010909,182.19,200.571882789
-9.06791253057,10.0266666667,1.76055766805,189.19,200.63463526
-8.97001253057,-0.973333333333,1.79921004807,281.19,200.699452419
-8.87201253057,-6.97333333333,1.83919106017,324.19,200.766469758
-8.77411253057,19.0266666667,1.88047696025,227.19,200.835750787
-8.67611253057,-40.9733333333,1.9232133105,233.19,200.907444586
-8.57821253057,22.0266666667,1.96737754249,160.19,200.98162382
-8.48021253057,20.0266666667,2.01312837891,120.19,201.058453197
-8.38231253057,-9.97333333333,2.06044488001,176.19,201.138016288
-8.28431253057,29.0266666667,2.10950055284,187.19,201.22049592
-8.18641253057,47.0266666667,2.1602766452,277.19,201.305988524
-8.08851253057,-9.97333333333,2.21290858614,268.19,201.394671212
-7.99051253057,-7.97333333333,2.26754472195,238.19,201.486734433
-7.89261253057,2.02666666667,2.32417092291,155.19,201.582298257
-7.79471253057,-2.97333333333,2.38294537548,82.19,201.681573989
-7.69671253057,43.0266666667,2.44404168784,181.19,201.784789234
-7.59881253057,18.0266666667,2.50745249198,214.19,201.892094124
-7.50091253057,-8.97333333333,2.57336388707,210.19,202.003742375
-7.40301253057,23.0266666667,2.6419091245,183.19,202.119973798
-7.30501253057,-26.9733333333,2.7133047742,86.19,202.241080817
-7.20711253057,-1.97333333333,2.78755725005,58.19,202.367268359
-7.10921253057,-20.9733333333,2.86490050476,79.19,202.498865615
-7.01131253057,6.02666666667,2.94550852001,120.19,202.636189014
-6.91341253057,26.0266666667,3.02956769627,258.19,202.779578502
-6.81541253057,1.02666666667,3.11736946221,165.19,202.929443721
-6.71751253057,-2.97333333333,3.20894940823,99.19,203.086092116
-6.61961253057,-26.9733333333,3.30462583529,123.19,203.249989946
-6.52171253057,-2.97333333333,3.40464680961,205.19,203.421594832
-6.42381253057,20.0266666667,3.50927946717,158.19,203.601401444
-6.32591253057,7.02666666667,3.61881180068,158.19,203.789945368
-6.22801253057,7.02666666667,3.73355464507,278.19,203.987807112
-6.13011253057,11.0266666667,3.8538438871,283.19,204.195616408
-6.03221253057,-10.9733333333,3.98004292849,233.19,204.414057285
-5.93431253057,31.0266666667,4.11254543635,193.19,204.643874086
-5.83641253057,-17.9733333333,4.25177841985,179.19,204.885878294
-5.73851253058,26.0266666667,4.39820567821,276.19,205.14095584
-5.64061253057,-1.97333333333,4.5523316721,560.19,205.410075134
-5.54271253057,10.0266666667,4.71470587888,362.19,205.694296425
-5.44491253057,19.0266666667,4.88574807582,324.19,205.994696438
-5.34701253057,9.02666666667,5.06646233048,227.19,206.312721675
-5.24911253057,18.0266666667,5.25739493806,192.19,206.649698245
-5.15121253057,12.0266666667,5.45933132519,255.19,207.007180167
-5.05331253057,31.0266666667,5.67313388575,300.19,207.386886585
-4.95551253057,48.0266666667,5.8995128526,179.19,207.790608996
-4.85761253057,19.0266666667,6.13997557755,119.19,208.220687926
-4.75971253057,-4.97333333333,6.39545138779,197.19,208.679374465
-4.66181253057,11.0266666667,6.66721709887,257.19,209.169302216
-4.56401253057,69.0266666667,6.95638303179,235.19,209.693271996
-4.46611253057,29.0266666667,7.26511189666,126.19,210.254877418
-4.36821253057,31.0266666667,7.59486860332,114.19,210.857709835
-4.27041253057,27.0266666667,7.94723527748,179.19,211.505804799
-4.17251253057,17.0266666667,8.32511808028,274.19,212.204286763
-4.07471253057,59.0266666667,8.73019362691,300.19,212.958218588
-3.97681253057,5.02666666667,9.16604853167,255.19,213.774207411
-3.87901253057,11.0266666667,9.63489981119,200.19,214.658944287
-3.78111253057,13.0266666667,10.1412271573,581.19,215.621095994
-3.68321253057,-2.97333333333,10.6885687476,715.19,216.669942655
-3.58541253057,12.0266666667,11.2808495645,400.19,217.816239826
-3.48761253057,-8.97333333333,11.9237972905,241.19,219.073181633
-3.38971253057,33.0266666667,12.6241114605,192.19,220.45636151
-3.29191253057,24.0266666667,13.3872221991,273.19,221.983157061
-3.19401253057,-3.97333333333,14.2226337832,340.19,223.675903239
-3.09621253057,42.0266666667,15.1378522454,385.19,225.559772728
-2.99831253057,75.0266666667,16.1455126235,246.19,227.66728905
-2.90051253057,19.0266666667,17.256159423,128.19,230.03634229
-2.80271253057,61.0266666667,18.485615895,91.19,232.71581945
-2.70481253057,45.0266666667,19.8529478094,91.19,235.767627936
-2.60701253057,44.0266666667,21.3763598113,103.19,239.269188327
-2.50921253057,1.02666666667,23.0823581523,159.19,243.324708794
-2.41141253057,27.0266666667,25.0013788737,121.19,248.073949886
-2.31351253057,50.0266666667,27.1728465711,165.19,253.712261156
-2.21571253057,19.0266666667,29.6378749786,309.19,260.516012124
-2.11791253057,33.0266666667,32.4549296881,333.19,268.897876164
-2.02011253057,8.02666666667,35.6945358249,384.19,279.482230879
-1.92231253057,81.0266666667,39.4458531965,359.19,293.232179226
-1.82451253057,57.0266666667,43.8229300938,308.19,311.640166298
-1.72661253057,47.0266666667,48.9792817737,441.19,336.997131768
-1.62881253057,51.0266666667,55.0988777358,444.19,372.704118397
-1.53101253057,27.0266666667,62.4462803015,570.19,423.563572801
-1.43321253057,66.0266666667,71.3749514458,668.19,495.744954201
-1.33541253057,100.026666667,82.3760592504,695.19,596.021112138
-1.23761253057,56.0266666667,96.1486704718,752.19,729.809101065
-1.13981253057,73.0266666667,113.715831216,931.19,898.09995724
-1.04201253057,116.026666667,136.624586862,1033.19,1094.57680848
-0.944212530573,126.026666667,167.307802225,1302.19,1305.29530738
-0.846412530574,137.026666667,209.777802232,1719.19,1512.62373598
-0.748612530574,145.026666667,271.051366826,1553.19,1702.39357463
-0.650912530575,236.026666667,364.191841723,1648.19,1870.91780491
-0.553112530574,276.026666667,516.12706844,1651.19,2030.27808107
-0.455312530574,532.026666667,783.568664008,1888.19,2213.54307681
-0.357512530573,1156.02666667,1276.76435559,2722.19,2482.22590828
-0.259712530574,2159.02666667,2136.02558263,3315.19,2911.77281383
-0.161912530574,3606.02666667,3332.78785645,3739.19,3494.15816013
-0.0642125305744,4470.02666667,4378.74393435,4040.19,3997.39401944
0.0335874694256,4291.02666667,4552.46044569,3936.19,4074.46035561
0.131387469426,3610.02666667,3711.56458143,3372.19,3654.00663077
0.229187469427,2622.02666667,2485.56572359,2929.19,3033.18832936
0.326887469425,1829.02666667,1501.40974778,2479.19,2505.67661334
0.424687469427,961.026666667,906.885428163,2112.19,2134.07514197
0.522487469426,509.026666667,583.507310134,2197.19,1855.52238252
0.620187469426,343.026666667,403.729860917,2160.19,1609.38937098
0.717987469425,200.026666667,295.927280741,1405.19,1371.02189434
0.815787469425,141.026666667,226.487962389,925.19,1141.68505923
0.913487469425,88.0266666667,179.128022125,638.19,933.119133341
1.01128746943,121.026666667,145.277534738,572.19,756.434377256
1.10898746942,185.026666667,120.266941359,481.19,616.599242496
1.20678746943,300.026666667,101.215759338,492.19,511.852515976
1.30448746943,194.026666667,86.3907735775,407.19,436.344872502
1.40228746943,66.0266666667,74.6013539052,344.19,382.981222343
1.49998746943,84.0266666667,65.0873856457,281.19,345.381479078
1.59778746943,86.0266666667,57.2821187738,324.19,318.572685769
1.69548746943,60.0266666667,50.8109788233,411.19,299.037870413
1.79328746943,26.0266666667,45.375127052,464.19,284.397128103
1.89098746943,44.0266666667,40.7734006713,413.19,273.102630905
1.98868746943,44.0266666667,36.8392069595,251.19,264.145041
2.08648746943,70.0266666667,33.4459487504,245.19,256.867220561
2.18418746943,128.026666667,30.5044090405,237.19,250.838047077
2.28188746943,56.0266666667,27.9351316369,199.19,245.760405107
2.37968746943,50.0266666667,25.6755943773,162.19,241.426366702
2.47738746943,52.0266666667,23.6817970629,227.19,237.688688497
2.57508746943,24.0266666667,21.9118183074,360.19,234.435107873
2.67278746943,23.0266666667,20.3333311586,339.19,231.580981247
2.77048746943,28.0266666667,18.9196472898,191.19,229.060443123
2.86828746943,37.0266666667,17.6473409506,342.19,226.820743601
2.96598746943,39.0266666667,16.5004252021,452.19,224.821217645
3.06368746943,37.0266666667,15.4618888609,269.19,223.027111257
3.16138746943,9.02666666667,14.5184833389,258.19,221.410389174
3.25908746943,13.0266666667,13.6589258774,285.19,219.947782303
3.35678746943,1.02666666667,12.8735593732,293.19,218.619818924
3.45448746943,15.0266666667,12.1540789991,243.19,217.410086667
3.55218746943,6.02666666667,11.4933110285,191.19,216.304659568
3.64988746943,14.0266666667,10.8850327686,193.19,215.291647216
3.74758746943,21.0266666667,10.3238250904,279.19,214.360837983
3.84528746943,-10.9733333333,9.8049509784,344.19,213.503416418
3.94298746943,7.02666666667,9.32425498041,347.19,212.711737237
4.04068746943,18.0266666667,8.87807954231,295.19,211.979141794
4.13838746943,0.0266666666666,8.46319506328,234.19,211.299807336
4.23608746943,18.0266666667,8.07674115669,173.19,210.668622207
4.33378746943,6.02666666667,7.71617711069,353.19,210.081082247
4.43148746943,13.0266666667,7.3792399368,217.19,209.533204704
4.52918746943,6.02666666667,7.06390870649,148.19,209.0214565
4.62688746943,15.0266666667,6.7683741205,182.19,208.542693935
4.72448746943,-15.9733333333,6.49128756214,177.19,208.094244091
4.82218746943,32.0266666667,6.23062185631,249.19,207.673324372
4.91988746943,7.02666666667,5.98535314456,388.19,207.277823888
5.01758746943,-1.97333333333,5.75429184449,277.19,206.905717343
5.11528746943,41.0266666667,5.53636111553,148.19,206.555178728
5.21288746943,12.0266666667,5.33078898875,115.19,206.224656427
5.31058746943,10.0266666667,5.13626741622,103.19,205.912453811
5.40828746943,3.02666666667,4.95220508072,107.19,205.617319244
5.50588746943,32.0266666667,4.77803885749,165.19,205.338104099
5.60358746943,11.0266666667,4.61273933806,155.19,205.073515363
5.70128746943,20.0266666667,4.45587398259,193.19,204.822618191
5.79888746943,12.0266666667,4.30702712655,184.19,204.584548903
5.89658746943,-12.9733333333,4.16537628334,298.19,204.358304459
5.99418746943,26.0266666667,4.03073646757,238.19,204.143239278
6.09188746943,-12.9733333333,3.90239403845,298.19,203.938499444
6.18948746943,24.0266666667,3.78020883901,381.19,203.743548393
6.28718746943,2.02666666667,3.66355818199,217.19,203.55765486
6.38478746943,32.0266666667,3.55233731148,138.19,203.380370602
6.48248746943,9.02666666667,3.44600004435,209.19,203.211065637
6.58008746943,18.0266666667,3.34446966144,163.19,203.049363526
6.67778746943,17.0266666667,3.24726472787,104.19,202.894718442
6.77538746943,21.0266666667,3.15433077625,118.19,202.746813155
6.87298746943,43.0266666667,3.06533073618,154.19,202.605215707
6.97068746943,-20.9733333333,2.97996008218,239.19,202.469529089
7.06828746943,-18.9733333333,2.89818946054,238.19,202.339506186
7.16588746943,-10.9733333333,2.81973949817,212.19,202.214795615
7.26358746943,36.0266666667,2.7443571654,190.19,202.095073401
7.36118746943,7.02666666667,2.6720309103,145.19,201.980145328
7.45878746943,3.02666666667,2.60252705792,235.19,201.869722882
7.55638746943,5.02666666667,2.53570062154,273.19,201.763571752
7.65408746943,9.02666666667,2.47135120117,195.19,201.661441606
7.75168746943,-11.9733333333,2.4094831296,140.19,201.563190369
7.84928746943,7.02666666667,2.3499098508,210.19,201.468593146
7.94688746943,24.0266666667,2.29251924636,180.19,201.377469214
8.04448746943,-14.9733333333,2.23720596338,139.19,201.289648816
8.14208746942,16.0266666667,2.18387093037,202.19,201.204972361
8.23978746943,18.0266666667,2.13236913407,222.19,201.123264753
8.33738746943,14.0266666667,2.08271812562,138.19,201.044435226
8.43498746943,18.0266666667,2.03478149481,141.19,200.968324539
8.53258746943,-0.973333333333,1.98848120458,246.19,200.894806738
8.63018746943,10.0266666667,1.94374360857,159.19,200.82376293
8.72778746943,-5.97333333333,1.900499158,166.19,200.755080876
8.82538746943,11.0266666667,1.85868213104,254.19,200.688654533
8.92298746943,-12.9733333333,1.81823038287,344.19,200.62438356
9.02058746943,0.0266666666666,1.7790851145,207.19,200.562172745
9.11818746943,48.0266666667,1.74119065894,95.19,200.50193166
9.21568746943,-30.9733333333,1.70453128593,100.19,200.443592107
9.31328746943,7.02666666667,1.66898185522,82.19,200.387036161
9.41088746943,-27.9733333333,1.63453316563,129.19,200.332204303
9.50848746943,11.0266666667,1.60114023346,168.19,200.279022181
9.60608746943,20.0266666667,1.56876034988,153.19,200.227418756
9.70368746943,-21.9733333333,1.53735294429,183.19,200.177325902
9.80118746943,-21.9733333333,1.50691021459,217.19,200.128692939
9.89878746943,3.02666666667,1.47733307748,131.19,200.081426677
9.99638746943,-6.97333333333,1.4486183416,54.19,200.035481351
10.0939874694,-25.9733333333,1.42073279958,117.19,199.990797672
10.1914874694,3.02666666667,1.39367218356,154.19,199.947330904
10.2890874694,-11.9733333333,1.36735087891,179.19,199.904997522
10.3866874694,-14.9733333333,1.34176832101,257.19,199.863755145
10.4841874694,8.02666666667,1.31692224651,174.19,199.823561008
10.5817874694,-22.9733333333,1.29273557761,92.19,199.784338167
10.6793874694,1.02666666667,1.26920921217,52.19,199.746051166
10.7768874694,-10.9733333333,1.24634246489,128.19,199.708672536
10.8744874694,-11.9733333333,1.2240656929,155.19,199.672157935
10.9719874694,-6.97333333333,1.202402845,108.19,199.636533107
11.0695874694,7.02666666667,1.18128870821,76.19,199.601807794
11.1670874694,13.0266666667,1.16074670384,72.19,199.56804045
11.2646874694,0.0266666666666,1.14071567904,89.19,199.535202075
11.3621874694,3.02666666667,1.12121850351,53.19,199.503187276
11.4597874694,8.02666666667,1.10219775248,93.19,199.471663226
11.5572874694,-28.9733333333,1.08367572789,127.19,199.440043576
11.6547874694,-1.97333333333,1.06561672384,121.19,199.407181026
11.7523874694,-19.9733333333,1.04798759588,227.19,199.37085291
11.8498874694,-12.9733333333,1.030809778,285.19,199.326790959
11.9474874694,-10.9733333333,1.01403392065,227.19,199.268061361
12.0449874694,-2.97333333333,0.997680875453,169.19,199.188302795
