Wavelength shift,Background,Response,Shot,Fit
Angstroms,a.u.,a.u.,a.u.,a.u.
-14.5953715692,31.5116666667,13.3418082159,455.005,695.862819054
-14.4972715692,9.51166666667,13.5229832085,693.005,696.601104875
-14.3991715692,21.5116666667,13.707873823,557.005,697.125763336
-14.3009715692,8.51166666667,13.8967767081,789.005,697.392013398
-14.2028715692,25.5116666667,14.0894130713,947.005,697.55285902
-14.1047715692,-25.4883333333,14.2860828589,434.005,697.669491766
-14.0066715692,-32.4883333333,14.4868994646,337.005,697.766022423
-13.9085715692,-10.4883333333,14.6919802955,389.005,697.852190195
-13.8104715692,34.5116666667,14.9014469433,445.005,697.932670778
-13.7123715692,-14.4883333333,15.1154253645,876.005,698.009956181
-13.6142715692,47.5116666667,15.3340460704,1116.005,698.085512311
-13.5161715692,12.5116666667,15.5574443255,610.005,698.160265874
-13.4180715692,30.5116666667,15.785760357,557.005,698.234836979
-13.3199715692,12.5116666667,16.0191395751,1113.005,698.309648182
-13.2219715692,18.5116666667,16.2574868826,1809.005,698.385042933
-13.1238715692,-6.48833333333,16.5014450495,1240.005,698.461278706
-13.0257715692,9.51166666667,16.750935939,849.005,698.538538568
-12.9276715692,49.5116666667,17.0061281276,1280.005,698.616967635
-12.8295715692,59.5116666667,17.267196661,1209.005,698.696757595
-12.7314715692,10.5116666667,17.5343233551,1270.005,698.778006489
-12.6334715692,15.5116666667,17.8074151973,853.005,698.860793753
-12.5353715692,49.5116666667,18.0872256704,513.005,698.945281042
-12.4372715692,12.5116666667,18.3736834142,553.005,699.031517225
-12.3391715692,55.5116666667,18.667000662,580.005,699.11963101
-12.2411715692,40.5116666667,18.967088288,579.005,699.20970394
-12.1430715692,38.5116666667,19.2747882416,523.005,699.301816871
-12.0449715692,54.5116666667,19.590037067,285.005,699.396081784
-11.9469715692,58.5116666667,19.9127503699,283.005,699.492534138
-11.8488715692,-0.488333333333,20.2438458389,469.005,699.591355468
-11.7508715692,-0.488333333333,20.5829180355,605.005,699.692548902
-11.6527715692,0.511666666667,20.9309402932,967.005,699.796256207
-11.5546715692,-9.48833333333,21.2878644977,1140.005,699.902606719
-11.4566715692,57.5116666667,21.65361884,742.005,700.011621452
-11.3585715692,47.5116666667,22.0292689703,903.005,700.123506031
-11.2605715692,41.5116666667,22.4143817549,1230.005,700.238265385
-11.1624715692,-8.48833333333,22.8100910063,795.005,700.356064166
-11.0644715692,73.5116666667,23.2159528337,422.005,700.477035991
-10.9664715692,8.51166666667,23.63274418,470.005,700.601243015
-10.8683715692,23.5116666667,24.0613038072,309.005,700.728876645
-10.7703715692,65.5116666667,24.5011724388,179.005,700.860036328
-10.6722715692,76.5116666667,24.9536819254,170.005,700.994863923
-10.5742715692,79.5116666667,25.4183634836,197.005,701.133491701
-10.4762715692,54.5116666667,25.8961467956,178.005,701.276066372
-10.3781715692,23.5116666667,26.3880376055,177.005,701.422795512
-10.2801715692,36.5116666667,26.8935545589,243.005,701.573805182
-10.1821715692,45.5116666667,27.4137382948,290.005,701.729248386
-10.0840715692,17.5116666667,27.9497160674,542.005,701.889362032
-9.98607156915,85.5116666667,28.5009968541,605.005,702.054256523
-9.88807156915,45.5116666667,29.0687502763,425.005,702.224186096
-9.79007156915,-5.48833333333,29.6536392198,526.005,702.399365678
-9.69207156915,61.5116666667,30.2563602535,514.005,702.579976994
-9.59397156915,70.5116666667,30.8782894097,309.005,702.766306393
-9.49597156915,66.5116666667,31.5189297257,326.005,702.958545255
-9.39797156915,72.5116666667,32.1797163028,314.005,703.156986079
-9.29997156915,26.5116666667,32.8615028091,606.005,703.361905544
-9.20197156915,63.5116666667,33.5651886127,482.005,703.573544611
-9.10397156915,66.5116666667,34.2917217495,464.005,703.792235741
-9.00597156915,89.5116666667,35.042102118,809.005,704.018298763
-8.90797156915,73.5116666667,35.8173849215,627.005,704.25207122
-8.80997156915,77.5116666667,36.61868438,360.005,704.493909898
-8.71197156915,79.5116666667,37.4471777357,406.005,704.744187352
-8.61397156915,109.511666667,38.3041095799,306.005,705.003239612
-8.51597156915,90.5116666667,39.1907965296,265.005,705.271613386
-8.41797156915,97.5116666667,40.108632288,469.005,705.549710618
-8.31997156915,149.511666667,41.0590931251,690.005,705.838004192
-8.22197156915,146.511666667,42.0437438172,742.005,706.136993558
-8.12397156915,143.511666667,43.0642440919,570.005,706.447139337
-8.02597156915,109.511666667,44.1223556271,441.005,706.769162303
-7.92807156915,161.511666667,45.2188088766,686.005,707.103557814
-7.83007156915,146.511666667,46.3578311054,1462.005,707.450977785
-7.73207156915,158.511666667,47.5404386077,1625.005,707.812219435
-7.63407156915,207.511666667,48.7688838583,961.005,708.187939577
-7.53607156915,162.511666667,50.0455667451,791.005,708.578903258
-7.43817156915,239.511666667,51.3716649263,419.005,708.986029502
-7.34017156915,302.511666667,52.7526160842,302.005,709.410252245
-7.24217156915,229.511666667,54.190008888,243.005,709.852344701
-7.14427156915,247.511666667,55.6854026488,274.005,710.313469707
-7.04627156915,304.511666667,57.2451860016,396.005,710.794758592
-6.94827156915,257.511666667,58.8714357807,607.005,711.297477896
-6.85037156915,258.511666667,60.5662144245,531.005,711.822593812
-6.75237156915,300.511666667,62.3370913818,341.005,712.371986514
-6.65437156915,323.511666667,64.1867875121,228.005,712.946729225
-6.55647156915,360.511666667,66.118033727,184.005,713.548592436
-6.45847156915,362.511666667,68.1398817275,190.005,714.179315367
-6.36057156915,356.511666667,70.2537003831,221.005,714.840625508
-6.26257156915,403.511666667,72.4697442884,272.005,715.534919032
-6.16467156915,380.511666667,74.7898938241,364.005,716.263976813
-6.06667156915,417.511666667,77.2258222646,572.005,717.030440562
-5.96877156915,410.511666667,79.7800551469,535.005,717.837056188
-5.87077156915,459.511666667,82.4659490475,623.005,718.686357805
-5.77287156915,530.511666667,85.2868453942,842.005,719.5815037
-5.67497156915,495.511666667,88.2550003483,920.005,720.525893127
-5.57697156915,458.511666667,91.384122414,668.005,721.523795954
-5.47907156915,499.511666667,94.6792072993,509.005,722.578301117
-5.38117156915,510.511666667,98.1557820401,522.005,723.694378817
-5.28317156915,517.511666667,101.831279277,833.005,724.877160362
-5.18527156915,597.511666667,105.713082821,1161.005,726.131554075
-5.08737156915,618.511666667,109.821158869,1366.005,727.464278791
-4.98947156915,612.511666667,114.173441833,1630.005,728.881293712
-4.89147156915,574.511666667,118.794536335,1886.005,730.390164184
-4.79357156915,591.511666667,123.696815596,1445.005,731.998867781
-4.69567156915,551.511666667,128.908938192,879.005,733.716784401
-4.59777156915,601.511666667,134.457576935,973.005,735.554141613
-4.49987156915,643.511666667,140.372337892,989.005,737.522011763
-4.40187156915,618.511666667,146.692821626,503.005,739.633725393
-4.30397156915,591.511666667,153.442886275,483.005,741.903186208
-4.20607156915,610.511666667,160.669823854,808.005,744.347070576
-4.10817156915,616.511666667,168.41963682,1169.005,746.983944566
-4.01027156915,711.511666667,176.744011796,1177.005,749.834401676
-3.91237156915,723.511666667,185.701183729,741.005,752.922784073
-3.81447156915,663.511666667,195.356957309,539.005,756.276563177
-3.71657156915,711.511666667,205.785919225,443.005,759.926305058
-3.61867156915,807.511666667,217.072883117,489.005,763.91078497
-3.52077156915,804.511666667,229.314619717,682.005,768.271767898
-3.42287156915,803.511666667,242.62193837,1129.005,773.058849727
-3.32497156915,815.511666667,257.122203925,1151.005,778.330118819
-3.22707156915,894.511666667,272.962396278,808.005,784.152343587
-3.12917156915,889.511666667,290.312850518,660.005,790.610638193
-3.03137156915,918.511666667,309.351441185,942.005,797.800224585
-2.93347156915,928.511666667,330.348821481,1748.005,805.839625483
-2.83557156915,1034.51166667,353.559062466,1488.005,814.866709973
-2.73767156915,1000.51166667,379.304420248,1492.005,825.060918462
-2.63977156915,1111.51166667,407.968027713,1778.005,836.635687203
-2.54197156915,1183.51166667,439.973607213,1784.005,849.850957241
-2.44407156915,1251.51166667,475.938097865,1098.005,865.055101004
-2.34617156915,1274.51166667,516.500070248,1138.005,882.666828491
-2.24827156915,1319.51166667,562.477986269,942.005,903.2548066
-2.15047156915,1369.51166667,614.82370679,838.005,927.538047692
-2.05257156915,1529.51166667,674.898599563,1270.005,956.519644443
-1.95467156915,1597.51166667,744.23019725,1200.005,991.532700879
-1.85687156915,1806.51166667,824.734221189,935.005,1034.43204972
-1.75897156915,2156.51166667,919.151005992,1366.005,1087.94395398
-1.66117156915,2379.51166667,1030.64009819,1373.005,1156.11203017
-1.56327156915,2515.51166667,1163.8705556,1323.005,1245.11567036
-1.46547156915,2781.51166667,1324.53614998,1928.005,1365.13610073
-1.36757156915,3052.51166667,1521.15463371,2004.005,1533.51717207
-1.26967156915,3361.51166667,1765.05547031,1795.005,1782.92849008
-1.17187156915,3628.51166667,2072.36230777,2014.005,2180.18777028
-1.07407156915,4061.51166667,2467.55546449,3313.005,2884.13338413
-0.976171569151,4500.51166667,2988.27766348,6231.005,4332.56537848
-0.878371569151,5011.51166667,3692.34507316,9896.005,7726.60651431
-0.780471569152,5920.51166667,4679.48095506,14460.005,14620.5205705
-0.682671569152,6906.51166667,6121.2799228,19462.005,20664.4641523
-0.584771569151,8684.51166667,8352.23035487,19623.005,18606.1765575
-0.486971569151,11807.5116667,12064.2339725,14678.005,14251.9461887
-0.389171569152,18110.5116667,18928.823249,10635.005,12070.5743212
-0.291271569151,35153.5116667,33718.5905487,10537.005,11696.4416679
-0.193471569152,76940.5116667,71353.6052029,12822.005,13135.232018
-0.0956715691516,155662.511667,155811.233678,14746.005,17292.4087148
0.00212843084849,214221.511667,218991.49168,21364.005,21482.5320133
0.100028430849,160529.511667,151319.282701,24995.005,21487.809285
0.197828430849,63716.5116667,68790.8984725,20778.005,21502.0957585
0.295628430848,22933.5116667,32748.1722551,18473.005,19476.5091561
0.393428430848,12250.5116667,18519.9546854,12775.005,12403.4906399
0.491228430848,8737.51166667,11855.0353772,7454.005,6534.19733916
0.589028430849,7027.51166667,8231.44624311,4264.005,3882.1903149
0.686928430849,5772.51166667,6045.39569291,3450.005,2715.17017219
0.784728430848,5098.51166667,4628.71325703,2825.005,2110.80551807
0.882528430848,4533.51166667,3657.56745287,2246.005,1752.96227293
0.980328430849,4070.51166667,2962.94307473,2367.005,1520.92515283
1.07812843085,3641.51166667,2448.9918475,2115.005,1360.69928495
1.17592843085,3260.51166667,2058.0694341,1654.005,1244.6753156
1.27372843085,3052.51166667,1753.81732358,1841.005,1157.58471252
1.37152843085,2760.51166667,1512.38172258,1684.005,1090.32403677
1.46932843085,2608.51166667,1317.58578506,1054.005,1037.16289987
1.56712843085,2503.51166667,1158.1445053,824.005,994.332806175
1.66492843085,2182.51166667,1025.99102875,1209.005,959.266648207
1.76262843085,2018.51166667,915.338829033,1369.005,930.158170413
1.86042843085,1857.51166667,821.582005853,1245.005,905.698237124
1.95822843085,1766.51166667,741.52774987,1436.005,884.934060745
2.05602843085,1541.51166667,672.630052213,1550.005,867.146729382
2.15382843085,1448.51166667,612.90795465,945.005,851.774362741
2.25162843085,1437.51166667,560.801466477,655.005,838.396921655
2.34932843085,1274.51166667,515.112459276,775.005,826.68165176
2.44712843085,1298.51166667,474.749420047,968.005,816.355004749
2.54492843085,1168.51166667,438.951525649,611.005,807.205768162
2.64272843085,1162.51166667,407.055369033,421.005,799.060610558
2.74042843085,1102.51166667,378.541455233,418.005,791.77282091
2.83822843085,1081.51166667,352.897285467,398.005,785.225691854
2.93602843085,1005.51166667,329.773573079,456.005,779.321230132
3.03372843085,942.511666667,308.870867849,693.005,773.979364415
3.13152843085,965.511666667,289.875938515,1013.005,769.125623208
3.22932843085,905.511666667,272.580933417,1378.005,764.704825178
3.32702843085,862.511666667,256.804327826,1808.005,760.666508007
3.42482843085,861.511666667,242.344716728,1401.005,756.965618996
3.52252843085,792.511666667,229.085900562,1260.005,753.566705512
3.62032843085,714.511666667,216.874210957,1312.005,750.437399046
3.71802843085,709.511666667,205.624659656,863.005,747.549462663
3.81582843085,718.511666667,195.218030925,687.005,744.87803815
3.91352843085,768.511666667,185.591397722,418.005,742.402575189
4.01132843085,690.511666667,176.650879905,382.005,740.103884185
4.10902843085,645.511666667,168.349394697,410.005,737.96519041
4.20682843085,648.511666667,160.612009809,531.005,735.972325974
4.30452843085,688.511666667,153.40318406,771.005,734.112134424
4.40222843085,626.511666667,146.669037292,573.005,732.37321702
4.50002843085,626.511666667,140.362550969,375.005,730.744448791
4.59772843085,579.511666667,134.460100275,342.005,729.217468245
4.69542843085,604.511666667,128.922289988,566.005,727.783665492
4.79322843085,583.511666667,123.714528139,838.005,726.435135766
4.89092843085,553.511666667,118.820924188,831.005,725.166048281
4.98862843085,557.511666667,114.212041404,833.005,723.969710676
5.08632843085,453.511666667,109.866212502,1144.005,722.840588958
5.18402843085,463.511666667,105.763792804,1035.005,721.774073684
5.28182843085,451.511666667,101.883079583,744.005,720.765203193
5.37952843085,488.511666667,98.2157570776,625.005,719.810186433
5.47722843085,429.511666667,94.7429429104,881.005,718.905041245
5.57492843085,499.511666667,91.4511209393,644.005,718.046306734
5.67262843085,445.511666667,88.3279289935,730.005,717.231118854
5.77032843085,385.511666667,85.3620426317,1199.005,716.456399425
5.86802843085,397.511666667,82.5430723356,972.005,715.719500453
5.96572843085,403.511666667,79.8614723922,971.005,715.017990213
6.06342843085,375.511666667,77.3084599711,612.005,714.34963007
6.16112843085,409.511666667,74.8759431133,309.005,713.712356221
6.25882843085,364.511666667,72.5564565276,273.005,713.10426373
6.35652843085,372.511666667,70.3431042417,311.005,712.523598725
6.45422843085,332.511666667,68.2295082842,500.005,711.96881862
6.55192843085,337.511666667,66.2097626832,1007.005,711.438237758
6.64962843085,319.511666667,64.2783921617,993.005,710.930526619
6.74732843085,268.511666667,62.4303149895,946.005,710.444390667
6.84502843085,332.511666667,60.6608095197,889.005,709.978627783
6.94272843085,314.511666667,58.9654839989,510.005,709.532184413
7.04042843085,322.511666667,57.3402492894,421.005,709.103868668
7.13802843085,241.511666667,55.7828571894,561.005,708.692834289
7.23572843085,243.511666667,54.2865635954,563.005,708.298102148
7.33342843085,223.511666667,52.8496768995,481.005,707.918781209
7.43112843085,254.511666667,51.4690933674,447.005,707.554141444
7.52882843085,211.511666667,50.1419093455,349.005,707.203385353
7.62642843085,173.511666667,48.8666875061,551.005,706.865838222
7.72412843085,153.511666667,47.63826879,435.005,706.540834977
7.82182843085,181.511666667,46.455595259,210.005,706.227733968
7.91942843085,165.511666667,45.317567901,160.005,705.926109832
8.01712843085,71.5116666667,44.2197488026,170.005,705.635135747
8.11482843085,128.511666667,43.1613442349,153.005,705.354517725
8.21242843085,112.511666667,42.1415160345,130.005,705.083742021
8.31012843085,119.511666667,41.1564203302,182.005,704.822266615
8.40772843085,66.5116666667,40.206423162,360.005,704.56974073
8.50542843085,67.5116666667,39.2880193609,433.005,704.325766916
8.60302843085,89.5116666667,38.4016204761,462.005,704.089944592
8.70072843085,79.5116666667,37.5440216675,779.005,703.861852744
8.79832843085,87.5116666667,36.7156684756,820.005,703.641245293
8.89602843085,42.5116666667,35.9136232347,1095.005,703.427747875
8.99362843085,101.511666667,35.138356143,1076.005,703.221035192
9.09132843085,79.5116666667,34.3871679554,1158.005,703.02087075
9.18892843085,57.5116666667,33.6605459662,689.005,702.826968723
9.28652843085,84.5116666667,32.956714103,405.005,702.639079206
9.38422843085,79.5116666667,32.2740412996,613.005,702.456848657
9.48182843085,63.5116666667,31.6130293935,742.005,702.280218251
9.57942843085,14.5116666667,30.9721190996,459.005,702.108864029
9.67712843085,76.5116666667,30.3498762631,339.005,701.94253986
9.77472843085,65.5116666667,29.7468072323,381.005,701.781147665
9.87232843085,5.51166666667,29.1615363214,383.005,701.624424248
9.96992843085,45.5116666667,28.5933699964,664.005,701.472156226
10.0676284308,53.5116666667,28.0410911049,616.005,701.324243359
10.1652284308,46.5116666667,27.5052011442,414.005,701.180515768
10.2628284308,70.5116666667,26.9845277531,229.005,701.040781872
10.3604284308,36.5116666667,26.4785002357,192.005,700.904886658
10.4580284308,50.5116666667,25.9865744024,210.005,700.772726129
10.5556284308,34.5116666667,25.5082311063,351.005,700.644134936
10.6533284308,37.5116666667,25.0425047233,520.005,700.518960537
10.7509284308,29.5116666667,24.589875155,486.005,700.397117371
10.8485284308,45.5116666667,24.1494072102,799.005,700.278459946
10.9461284308,51.5116666667,23.7206690657,1106.005,700.16288948
11.0437284308,11.5116666667,23.3032478955,751.005,700.050288556
11.1413284308,15.5116666667,22.8967488769,454.005,699.940543455
11.2389284308,89.5116666667,22.5007942562,277.005,699.833552719
11.3365284308,-0.488333333333,22.115022471,244.005,699.729218039
11.4341284308,11.5116666667,21.7390873245,311.005,699.627445833
11.5317284308,33.5116666667,21.3726572082,308.005,699.528161725
11.6292284308,11.5116666667,21.0157758014,527.005,699.431257934
11.7268284308,1.51166666667,20.6674067098,1453.005,699.336631203
11.8244284308,36.5116666667,20.3276285417,2220.005,699.244220549
11.9220284308,14.5116666667,19.9961611261,1795.005,699.153962932
12.0196284308,24.5116666667,19.6727356211,1230.005,699.065720927
12.1172284308,37.5116666667,19.3570939685,609.005,698.979447843
12.2147284308,25.5116666667,19.0493002858,350.005,698.895095646
12.3123284308,-11.4883333333,18.7484853925,542.005,698.812531156
12.4099284308,-1.48833333333,18.4547400994,773.005,698.731707514
12.5075284308,46.5116666667,18.1678446004,1141.005,698.652563714
12.6050284308,-10.4883333333,17.8878713875,1077.005,698.574983213
12.7026284308,72.5116666667,17.6140430843,572.005,698.498898503
12.8002284308,8.51166666667,17.3464546778,363.005,698.424214352
12.8977284308,37.5116666667,17.0851829406,714.005,698.350873965
12.9953284308,53.5116666667,16.8295109606,1232.005,698.278708917
13.0929284308,27.5116666667,16.5795353753,769.005,698.207655509
13.1904284308,15.5116666667,16.3353358954,468.005,698.137572869
13.2880284308,37.5116666667,16.0962499062,327.005,698.068286389
13.3855284308,34.5116666667,15.8626117285,122.005,697.99963146
13.4831284308,60.5116666667,15.6337918988,139.005,697.931337412
13.5806284308,-1.48833333333,15.4101146775,132.005,697.863117419
13.6782284308,12.5116666667,15.1909815554,121.005,697.794546904
13.7757284308,11.5116666667,14.9767070037,137.005,697.725904118
13.8733284308,31.5116666667,14.7667214498,187.005,697.667259284
13.9708284308,38.5116666667,14.5613298523,295.005,697.607996736
14.0683284308,14.5116666667,14.3601938697,268.005,697.544534431
14.1659284308,24.5116666667,14.1629967799,166.005,697.471779477
14.2634284308,49.5116666667,13.9700297989,222.005,697.37956736
14.3610284308,11.5116666667,13.7807878918,339.005,697.242582907
14.4585284308,-17.4883333333,13.5955534601,833.005,696.988169012
