Wavelength shift,Background,Response,Shot,Fit
Angstroms,a.u.,a.u.,a.u.,a.u.
-12.2926153124,3311.12333333,4.27912694214,167.513333333,144.382678465
-12.1946153124,3397.12333333,4.34819352618,163.513333333,144.510524353
-12.0966153124,3595.12333333,4.41894595325,207.513333333,144.617134354
-11.9986153124,4244.12333333,4.49143954302,175.513333333,144.694820669
-11.9006153124,4596.12333333,4.56573190315,171.513333333,144.750596819
-11.8025153124,3800.12333333,4.64196171947,218.513333333,144.793926202
-11.7045153124,2964.12333333,4.72003616797,235.513333333,144.830955209
-11.6065153124,2479.12333333,4.80009718504,173.513333333,144.864803716
-11.5085153124,2824.12333333,4.88221274813,145.513333333,144.897035788
-11.4105153124,3053.12333333,4.96645376758,146.513333333,144.928494459
-11.3125153124,2814.12333333,5.05289423983,148.513333333,144.959675124
-11.2145153124,3089.12333333,5.14161140998,143.513333333,144.990896467
-11.1165153124,4172.12333333,5.23268594448,167.513333333,145.022377949
-11.0185153124,4088.12333333,5.32620211464,191.513333333,145.054278709
-10.9205153124,3833.12333333,5.42224799166,108.513333333,145.086721981
-10.8225153124,4011.12333333,5.52091565415,160.513333333,145.119806881
-10.7245153124,3655.12333333,5.62230140899,177.513333333,145.153617963
-10.6265153124,3399.12333333,5.72650602646,165.513333333,145.188229395
-10.5285153124,3066.12333333,5.83363499085,119.513333333,145.223709075
-10.4305153124,2953.12333333,5.94379876757,163.513333333,145.260120491
-10.3325153124,2918.12333333,6.05711308818,150.513333333,145.297524928
-10.2345153124,2760.12333333,6.17369925449,180.513333333,145.335982192
-10.1366153124,2853.12333333,6.29356025245,117.513333333,145.375558928
-10.0386153124,3546.12333333,6.41707426882,93.5133333333,145.416301843
-9.94061531241,3406.12333333,6.54426067398,146.513333333,145.45827834
-9.84261531241,2679.12333333,6.67526652468,115.513333333,145.501550633
-9.74461531241,2541.12333333,6.81024631367,107.513333333,145.546183005
-9.64671531241,2630.12333333,6.94921830491,129.513333333,145.592250308
-9.54871531241,2846.12333333,7.09263702014,126.513333333,145.639806889
-9.45071531241,3107.12333333,7.24054230614,127.513333333,145.688933351
-9.35281531241,3210.12333333,7.39296514713,132.513333333,145.739714608
-9.25481531241,3589.12333333,7.5504159551,146.513333333,145.792213528
-9.15681531241,3854.12333333,7.71295137058,162.513333333,145.846522511
-9.05891531241,4100.12333333,7.88061868208,129.513333333,145.902739752
-8.96091531241,4502.12333333,8.05399372771,199.513333333,145.960940302
-8.86291531241,4015.12333333,8.23315448175,250.513333333,146.02123257
-8.76501531241,2950.12333333,8.41816914316,177.513333333,146.083732026
-8.66701531241,2974.12333333,8.60969060971,139.513333333,146.148529363
-8.56911531241,3160.12333333,8.80761837136,93.5133333333,146.2157642
-8.47111531241,3305.12333333,9.01266443958,114.513333333,146.28553962
-8.37321531241,2879.12333333,9.22473568899,139.513333333,146.358012216
-8.27521531241,2728.12333333,9.44461054914,121.513333333,146.433300511
-8.17731531241,2555.12333333,9.67220580126,102.513333333,146.511580371
-8.07931531241,2377.12333333,9.90837474243,150.513333333,146.592987198
-7.98141531241,2468.12333333,10.1530471724,181.513333333,146.67771988
-7.88351531241,2585.12333333,10.4068969257,194.513333333,146.765950462
-7.78551531241,2848.12333333,10.670663092,201.513333333,146.857861845
-7.68761531241,3518.12333333,10.9443024745,174.513333333,146.953694528
-7.58971531241,4066.12333333,11.228606053,127.513333333,147.05365945
-7.49171531241,4332.12333333,11.5244431538,90.5133333333,147.157981874
-7.39381531241,3927.12333333,11.8318095325,145.513333333,147.266955489
-7.29591531241,3386.12333333,12.1516407456,109.513333333,147.380844728
-7.19801531241,2873.12333333,12.4846201383,70.5133333333,147.499952158
-7.10001531241,2192.12333333,12.8318401994,99.5133333333,147.624583786
-7.00211531241,2866.12333333,13.1933753456,115.513333333,147.755129902
-6.90421531241,3497.12333333,13.5704109829,145.513333333,147.891951441
-6.80631531241,3019.12333333,13.9638462224,142.513333333,148.035459906
-6.70841531241,2743.12333333,14.374646339,175.513333333,148.186100568
-6.61041531241,2506.12333333,14.8042968934,172.513333333,148.344330638
-6.51251531241,2697.12333333,15.2530380664,178.513333333,148.51072086
-6.41461531241,2984.12333333,15.7225007368,146.513333333,148.68581724
-6.31671531241,2816.12333333,16.2139809441,135.513333333,148.870242944
-6.21881531241,2636.12333333,16.7288776875,158.513333333,149.064679156
-6.12091531241,2305.12333333,17.2687029029,201.513333333,149.269869022
-6.02301531241,2220.12333333,17.8350925844,162.513333333,149.48662414
-5.92511531241,2753.12333333,18.4298192076,161.513333333,149.715834158
-5.82721531241,3247.12333333,19.054805627,217.513333333,149.958478187
-5.72931531241,3163.12333333,19.7121406551,201.513333333,150.215634761
-5.63141531241,3254.12333333,20.4040965574,153.513333333,150.488491727
-5.53351531241,3389.12333333,21.1331487379,193.513333333,150.778360666
-5.43561531241,3379.12333333,21.9019979354,203.513333333,151.086695412
-5.33771531241,3698.12333333,22.7135953017,219.513333333,151.415110343
-5.23991531241,3932.12333333,23.5702701951,168.513333333,151.765450325
-5.14201531241,3865.12333333,24.4773123247,199.513333333,152.139621837
-5.04411531241,3702.12333333,25.4377581289,211.513333333,152.5399106
-4.94621531241,3611.12333333,26.4558853975,234.513333333,152.968826437
-4.84831531241,3303.12333333,27.5364091674,249.513333333,153.429192425
-4.75051531241,2515.12333333,28.6833273405,171.513333333,153.924259816
-4.65261531241,2333.12333333,29.904742167,159.513333333,154.457499478
-4.55471531241,3067.12333333,31.2059052556,135.513333333,155.03305222
-4.45681531241,3628.12333333,32.5939167838,173.513333333,155.65556295
-4.35901531241,3444.12333333,34.0751196418,117.513333333,156.330434276
-4.26111531241,3175.12333333,35.661365242,130.513333333,157.063603665
-4.16321531241,2926.12333333,37.3610718294,92.5133333333,157.862181322
-4.06541531241,2969.12333333,39.1833994987,140.513333333,158.734405265
-3.96751531241,3086.12333333,41.1445446116,128.513333333,159.689525006
-3.86971531241,3002.12333333,43.2545534373,193.513333333,160.738808605
-3.77181531241,3000.12333333,45.5336686326,184.513333333,161.895001674
-3.67401531241,3199.12333333,47.9952949598,242.513333333,163.173710746
-3.57611531241,3613.12333333,50.6650703192,229.513333333,164.592913098
-3.47821531241,4180.12333333,53.5641512704,171.513333333,166.174607295
-3.38041531241,3261.12333333,56.7162288456,173.513333333,167.945388916
-3.28261531241,2676.12333333,60.1552152188,165.513333333,169.937264168
-3.18471531241,2960.12333333,63.9210772763,169.513333333,172.189501782
-3.08691531241,3319.12333333,68.0479177063,213.513333333,174.751517508
-2.98901531241,3584.12333333,72.5930326184,186.513333333,177.684377668
-2.89121531241,3925.12333333,77.6043758455,179.513333333,181.066915006
-2.79331531241,4073.12333333,83.1597964316,193.513333333,184.99975224
-2.69551531241,3789.12333333,89.3280198281,193.513333333,189.61652144
-2.59771531241,4177.12333333,96.2099110083,171.513333333,195.09542602
-2.49981531241,4618.12333333,103.928501751,180.513333333,201.681813828
-2.40201531241,4680.12333333,112.606872269,179.513333333,209.725914464
-2.30421531241,4312.12333333,122.421570373,181.513333333,219.742957774
-2.20641531241,3878.12333333,133.580425341,278.513333333,232.527124985
-2.10851531241,3675.12333333,146.355130928,386.513333333,249.354883598
-2.01071531241,3701.12333333,161.042653063,378.513333333,272.35712308
-1.91291531241,4001.12333333,178.063833603,342.513333333,305.152428509
-1.81511531241,3778.12333333,197.942177811,333.513333333,353.848848364
-1.71731531241,3688.12333333,221.357199132,374.513333333,428.320243205
-1.61951531241,3234.12333333,249.20395452,392.513333333,543.107826984
-1.52161531241,3126.12333333,282.718622357,555.513333333,716.212153805
-1.42381531241,3307.12333333,323.469556931,844.513333333,963.249938222
-1.32601531241,3839.12333333,373.767324144,1360.51333333,1286.26189599
-1.22821531241,4259.12333333,436.867220671,1735.51333333,1662.73348842
-1.13041531241,4379.12333333,517.552663921,2131.51333333,2045.94183668
-1.03261531241,4666.12333333,623.093437524,2515.51333333,2382.23631724
-0.934815312409,4683.12333333,764.994372274,2611.51333333,2634.71759971
-0.837015312409,4602.12333333,962.386613654,2743.51333333,2795.04094078
-0.739215312408,4563.12333333,1249.10550467,2823.51333333,2876.78482926
-0.641415312409,4251.12333333,1689.74300689,2873.51333333,2899.40759195
-0.543615312409,4998.12333333,2418.4405115,2916.51333333,2873.5850694
-0.445915312409,6588.12333333,3725.545599,2670.51333333,2790.33664739
-0.348115312409,8932.12333333,6189.70287151,2695.51333333,2612.16183849
-0.250315312409,12379.1233333,10530.6100146,2294.51333333,2282.4128606
-0.152515312408,16395.1233333,16512.2695359,1738.51333333,1791.09421155
-0.054715312409,17397.1233333,21475.7596365,1193.51333333,1267.39941888
0.0430846875911,17800.1233333,21808.8438526,945.513333333,914.263920576
0.140784687591,17402.1233333,17239.4177022,858.513333333,780.151165286
0.238584687591,12918.1233333,11188.3391093,703.513333333,729.564708769
0.336384687591,8401.12333333,6600.16760351,635.513333333,648.86150215
0.434184687592,5603.12333333,3945.3255333,553.513333333,537.318249268
0.531884687591,4849.12333333,2536.52664182,420.513333333,432.675743147
0.629684687592,4791.12333333,1758.13645169,442.513333333,353.895283794
0.727484687591,4574.12333333,1292.06137895,396.513333333,300.275509771
0.825184687592,4299.12333333,991.417894219,269.513333333,264.829553671
0.922984687591,4059.12333333,785.42688914,243.513333333,241.076519462
1.02078468759,4968.12333333,638.035245351,249.513333333,224.529600174
1.11848468759,6110.12333333,528.915217999,258.513333333,212.456901698
1.21628468759,5158.12333333,445.65104088,313.513333333,203.272498126
1.31398468759,4141.12333333,380.759598591,354.513333333,196.027398846
1.41178468759,3793.12333333,329.087057208,308.513333333,190.159963779
1.50948468759,3555.12333333,287.339157169,267.513333333,185.303289271
1.60728468759,3076.12333333,253.05380187,320.513333333,181.221634174
1.70498468759,3546.12333333,224.602560908,334.513333333,177.743402827
1.80278468759,4060.12333333,200.683375653,287.513333333,174.750466221
1.90048468759,4496.12333333,180.419487467,200.513333333,172.149557214
1.99828468759,4554.12333333,163.066983454,165.513333333,169.873801529
2.09598468759,3781.12333333,148.121812366,122.513333333,167.867327452
2.19368468759,3119.12333333,135.144642811,124.513333333,166.0884601
2.29148468759,3180.12333333,123.793077646,122.513333333,164.503494371
2.38918468759,3906.12333333,113.825690871,126.513333333,163.083311697
2.48688468759,4171.12333333,105.017102689,128.513333333,161.805731606
2.58468468759,3642.12333333,97.1866156756,110.513333333,160.652227898
2.68238468759,3587.12333333,90.2082014713,108.513333333,159.606109242
2.78008468759,3971.12333333,83.9561513524,120.513333333,158.654528169
2.87778468759,4466.12333333,78.3329391572,132.513333333,157.786199021
2.97548468759,4474.12333333,73.2568903381,133.513333333,156.991505341
3.07328468759,3699.12333333,68.6547032499,110.513333333,156.262460342
3.17098468759,3393.12333333,64.477423068,117.513333333,155.591461179
3.26868468759,3030.12333333,60.6704292268,155.513333333,154.972637165
3.36638468759,2964.12333333,57.1911815615,133.513333333,154.400638403
3.46408468759,3608.12333333,54.0030825531,98.5133333333,153.87079105
3.56178468759,3910.12333333,51.0745075678,77.5133333333,153.37900029
3.65948468759,3276.12333333,48.3780149498,122.513333333,152.921665745
3.75718468759,3060.12333333,45.8896988063,157.513333333,152.495608997
3.85488468759,3171.12333333,43.5886557518,155.513333333,152.098012581
3.95258468759,3104.12333333,41.4565432298,155.513333333,151.726371272
4.05028468759,2942.12333333,39.4772118598,141.513333333,151.378452918
4.14798468759,3133.12333333,37.6363979551,147.513333333,151.052264067
4.24568468759,3258.12333333,35.9214652098,177.513333333,150.746018963
4.34338468759,3571.12333333,34.321186764,155.513333333,150.458112486
4.44108468759,3725.12333333,32.8255605905,260.513333333,150.187098539
4.53878468759,3572.12333333,31.4256525012,242.513333333,149.931672081
4.63648468759,3321.12333333,30.1134621483,178.513333333,149.69065235
4.73418468759,3286.12333333,28.8818082476,112.513333333,149.462968748
4.83188468759,3483.12333333,27.724229937,129.513333333,149.247648819
4.92948468759,3189.12333333,26.6359836423,182.513333333,149.043747251
5.02718468759,3337.12333333,25.6095798965,211.513333333,148.850578175
5.12488468759,3678.12333333,24.641401538,284.513333333,148.667341819
5.22258468759,3510.12333333,23.7271249613,271.513333333,148.493366177
5.32028468759,3028.12333333,22.8628206848,175.513333333,148.32803541
5.41788468759,3094.12333333,22.0457255802,107.513333333,148.170738156
5.51558468759,3954.12333333,21.2709048319,121.513333333,148.021044562
5.61328468759,4017.12333333,20.5362374392,124.513333333,147.878427764
5.71088468759,3591.12333333,19.8396907141,143.513333333,147.742408451
5.80858468759,3250.12333333,19.1773391254,169.513333333,147.612657908
5.90628468759,3042.12333333,18.5476200567,181.513333333,147.488759758
6.00388468759,2716.12333333,17.949022376,113.513333333,147.370332888
6.10158468759,2962.12333333,17.3783793069,77.5133333333,147.257121501
6.19918468759,3346.12333333,16.8350731257,75.5133333333,147.148761307
6.29688468759,3269.12333333,16.3163399646,104.513333333,147.045035072
6.39448468759,3248.12333333,15.8217184946,146.513333333,146.945625955
6.49218468759,3059.12333333,15.348783847,114.513333333,146.850349491
6.58978468759,3256.12333333,14.8971985669,144.513333333,146.758928371
6.68748468759,3621.12333333,14.4648247719,96.5133333333,146.671204355
6.78508468759,3741.12333333,14.0514233285,79.5133333333,146.586933833
6.88278468759,3496.12333333,13.6551007151,94.5133333333,146.505981505
6.98038468759,3194.12333333,13.2756959398,123.513333333,146.42813229
7.07798468759,3299.12333333,12.9118897271,127.513333333,146.353248714
7.17568468759,3279.12333333,12.5624880775,91.5133333333,146.281199593
7.27328468759,3499.12333333,12.2274182276,99.5133333333,146.211804921
7.37088468759,3132.12333333,11.9055796474,69.5133333333,146.144953119
7.46858468759,2681.12333333,11.5959739527,60.5133333333,146.080537852
7.56618468759,2934.12333333,11.2985908234,92.5133333333,146.01840836
7.66378468759,3507.12333333,11.0125042715,88.5133333333,145.95847296
7.76138468759,3309.12333333,10.7371492123,45.5133333333,145.900628228
7.85908468759,2836.12333333,10.4717288477,63.5133333333,145.844791554
7.95668468759,3090.12333333,10.2162882699,107.513333333,145.790841691
8.05428468759,3367.12333333,9.97008287233,178.513333333,145.738707433
8.15188468759,3813.12333333,9.73267271508,152.513333333,145.688306819
8.24948468759,3781.12333333,9.5036437502,170.513333333,145.63956231
8.34708468759,2992.12333333,9.28260601417,126.513333333,145.592400555
8.44478468759,2598.12333333,9.0689770932,120.513333333,145.546764007
8.54238468759,2361.12333333,8.86284736912,94.5133333333,145.502563146
8.63998468759,2307.12333333,8.66366719357,114.513333333,145.459747947
8.73758468759,2633.12333333,8.47112760328,123.513333333,145.41825909
8.83518468759,2965.12333333,8.28493661798,167.513333333,145.378040097
8.93278468759,3609.12333333,8.10481813224,167.513333333,145.33903716
9.03038468759,3784.12333333,7.93051089083,157.513333333,145.301199022
9.12798468759,3574.12333333,7.76176754028,110.513333333,145.264476949
9.22558468759,3011.12333333,7.59835375053,106.513333333,145.228824459
9.32318468759,2563.12333333,7.44004740057,100.513333333,145.194196943
9.42068468759,2233.12333333,7.28679256785,117.513333333,145.160542886
9.51828468759,2331.12333333,7.13807513333,64.5133333333,145.127838292
9.61588468759,2420.12333333,6.99386492956,96.5133333333,145.096034816
9.71348468759,2524.12333333,6.8539816254,104.513333333,145.065094594
9.81108468759,3009.12333333,6.71825381986,146.513333333,145.034981004
9.90868468759,3529.12333333,6.58651851657,161.513333333,145.005658182
10.0061846876,3342.12333333,6.45874976398,108.513333333,144.977083747
10.1037846876,2866.12333333,6.33453797122,112.513333333,144.949237197
10.2013846876,2675.12333333,6.21387552449,120.513333333,144.92207677
10.2989846876,2847.12333333,6.09662845894,117.513333333,144.895568155
10.3964846876,3440.12333333,5.98278419269,128.513333333,144.869670626
10.4940846876,3605.12333333,5.87198751083,134.513333333,144.844362393
10.5916846876,3528.12333333,5.76424063309,114.513333333,144.819603445
10.6891846876,3568.12333333,5.65953855409,89.5133333333,144.79535923
10.7867846876,3680.12333333,5.55756066305,72.5133333333,144.771627207
10.8843846876,4220.12333333,5.45831463386,62.5133333333,144.748423465
10.9818846876,4248.12333333,5.36180141546,94.5133333333,144.725840646
11.0794846876,3580.12333333,5.26773063119,97.5133333333,144.70410115
11.1769846876,3323.12333333,5.17620678537,108.513333333,144.68348388
11.2745846876,3115.12333333,5.08695756108,58.5133333333,144.664217486
11.3720846876,2780.12333333,5.00008499443,92.5133333333,144.646318551
11.4696846876,2688.12333333,4.91533335278,122.513333333,144.629634303
11.5671846876,2763.12333333,4.83280213332,179.513333333,144.613834746
11.6647846876,3062.12333333,4.75225085961,156.513333333,144.59842503
11.7622846876,2697.12333333,4.67377644796,160.513333333,144.582577493
11.8597846876,2872.12333333,4.59723002139,158.513333333,144.564826633
11.9573846876,3188.12333333,4.52247327339,143.513333333,144.542280896
12.0548846876,3648.12333333,4.44959922083,152.513333333,144.509174398
12.1524846876,3519.12333333,4.37840053253,142.513333333,144.456174838
12.2499846876,2664.12333333,4.3089676323,146.513333333,144.375036348
